DEPTH = 64;
WIDTH = 32;
ADDRESS_RADIX = HEX;
DATA_RADIX = HEX;
CONTENT
BEGIN
00000 : 67676767 03676767 03030303 00000003;
00004 : 67676767 03676767 03030303 03000303;
00008 : 67676767 03036767 03030303 03676703;
0000C : 67676767 03030367 67030303 67676767;
00010 : 67676767 03030367 67030303 67676767;
00014 : 03676767 03030303 67670303 67676767;
00018 : 03036767 03030303 67676703 67676767;
0001C : 03030303 03030303 67676703 67676767;
00020 : 03030303 03030303 67676767 03676767;
00024 : 03030303 67670303 67676767 03676767;
00028 : 03030303 67676703 67676767 03036767;
0002C : 67030303 67676767 67676767 03030367;
00030 : 67030303 67676767 67676767 03030367;
00034 : 67670303 67676767 03676767 03030303;
00038 : 67676703 67676767 03036767 03030303;
0003C : 67676703 67676767 03030303 03030303;

END;
